0 0 [0.14389009399855388, 0.165, 0.19305856832971802, 0.18625]
1 0.6788174512055072 [0.1680161943319838, 0.8685968819599109, 0.5161943319838057, 0.9910913140311804]
2 0 [0.158, 0.07643312101910828, 0.236, 0.11146496815286625]
3 0 [0.558, 0.07462686567164178, 0.712, 0.10874200426439233]
4 0.000897627198828324 [0.16947960618846694, 0.45375, 0.21729957805907174, 0.495]
5 0 [0.6995192307692307, 0.654292343387471, 0.7860576923076923, 0.703016241299304]
6 0.5231037489101978 [0.4192377495462795, 0.5802197802197803, 0.7822141560798548, 0.6725274725274726]
7 0 [0.8145454545454546, 0.42830540037243947, 0.8781818181818182, 0.46368715083798884]
8 0 [1.3157894736842106, 1.19, 1.3612845673505798, 1.22125]
9 0.004434708298476352 [0.5295358649789029, 0.57125, 0.5421940928270043, 0.585]
10 0 [0.6869158878504673, 0.22, 0.8146417445482866, 0.2575]
11 0 [0.6845070422535211, 0.4675, 0.7023474178403756, 0.48125]
12 0 [0.5265625, 0.006896551724137931, 0.671875, 0.052873563218390804]
13 0 [0.4781818181818182, 0.41947565543071164, 0.6690909090909091, 0.4606741573033708]
14 0 [0.108, 0.4830188679245283, 0.242, 0.539622641509434]
15 0 [0.44315245478036175, 0.06853582554517133, 0.5633074935400517, 0.08878504672897196]
16 0.1797560453670008 [0.4174252275682705, 0.7314148681055156, 0.6423927178153446, 0.7913669064748201]
17 0.20866141732283464 [0.14316239316239315, 0.6366120218579235, 0.3696581196581197, 0.680327868852459]
18 0 [0.21747967479674796, 0.37659033078880405, 0.31097560975609756, 0.4223918575063613]
19 0.000953730118105325 [0.38088341781317886, 0.5025, 0.40260680666183923, 0.51125]
20 0.04213357238906308 [0.5723404255319149, 0.47733333333333333, 0.6723404255319149, 0.5253333333333333]
21 0 [0.6356663470757431, 0.39625, 0.6883988494726749, 0.4125]
22 0 [0.7083333333333334, 0.5400390625, 0.8111979166666666, 0.587890625]
23 0 [0.7864583333333334, 0.5341796875, 0.9283854166666666, 0.5771484375]
24 0 [0.12, 0.3490304709141274, 0.19833333333333333, 0.40166204986149584]
25 0 [0.5032051282051282, 0.03777777777777778, 0.5993589743589743, 0.09333333333333334]
26 0.5246802052468031 [0.3283333333333333, 0.4794238683127572, 0.7316666666666667, 0.602880658436214]
27 0 [0.67, 0.6240601503759399, 0.766, 0.6666666666666666]
28 0.002771052905343642 [0.6976090014064698, 0.15, 0.7559774964838256, 0.1625]
29 0.6885217798143076 [0.07659269863994274, 0.05875, 1.070150322118826, 0.4375]
30 0.0073702073295946234 [0.8417462482946794, 0.39375, 0.9413369713506139, 0.42875]
31 0 [0.3323963457484188, 0.13125, 0.3703443429374561, 0.15375]
32 0 [0.8491803278688524, 0.13814432989690723, 0.8868852459016393, 0.16288659793814433]
33 0 [0.1863013698630137, 0.5452930728241563, 0.3, 0.6074600355239786]
34 0 [1.1479634247714048, 1.33125, 1.2219451371571073, 1.52625]
35 0 [0.15731462925851702, 0.35, 0.21743486973947895, 0.36625]
36 0 [0.553125, 0.12083333333333333, 0.625, 0.15833333333333333]
37 0 [0.6019736842105263, 0.06048387096774194, 0.7138157894736842, 0.10887096774193548]
38 0 [0.3917018284106892, 0.6775, 0.4578059071729958, 0.695]
39 0 [0.07, 0.8577777777777778, 0.10333333333333333, 0.8666666666666667]
40 0 [0.8685714285714285, 0.2575107296137339, 0.9171428571428571, 0.30257510729613735]
41 0.4347826086956513 [0.3108108108108108, 0.5262008733624454, 0.6196911196911197, 0.6048034934497817]
42 0 [0.068, 0.4474327628361858, 0.166, 0.4743276283618582]
43 0.00240654141712473 [0.792, 0.5719844357976653, 0.836, 0.6186770428015564]
44 0 [0.31, 0.49, 0.4025, 0.51125]
45 0 [0.7154882154882155, 0.11609498680738786, 0.7794612794612794, 0.15303430079155672]
46 0.3997615039281699 [0.39285714285714285, 0.6197478991596639, 0.6292517006802721, 0.7058823529411765]
47 0 [0.02164862614487927, 0.19125, 0.051623646960865945, 0.21875]
48 0 [0.024834437086092714, 0.82875, 0.052152317880794705, 0.84375]
49 0 [0.3020527859237537, 0.720108695652174, 0.33724340175953077, 0.7255434782608695]
50 0 [0.225, 1.295, 0.2966666666666667, 1.31875]
51 0 [0.0, 0.2682119205298013, 0.22532894736842105, 0.32781456953642385]
52 0 [0.5607675906183369, 0.7270642201834863, 0.6567164179104478, 0.7637614678899083]
53 0 [0.52, 0.39928057553956836, 0.865, 0.5251798561151079]
54 0 [0.72, 0.5855614973262032, 0.855, 0.6229946524064172]
55 0 [0.284, 0.8475836431226765, 0.426, 0.9070631970260223]
56 0 [0.29270729270729273, 0.87125, 0.31868131868131866, 0.87875]
57 0 [0.726530612244898, 0.9149338374291115, 0.9673469387755103, 0.998109640831758]
58 0 [0.43327239488117003, 0.031135531135531136, 0.48080438756855576, 0.047619047619047616]
59 0.21444444444444496 [0.3, 0.6754807692307693, 0.686, 0.7259615384615384]
60 0 [0.0949367088607595, 0.85875, 0.14978902953586498, 0.8725]
61 0.035971223021581684 [0.5869565217391305, 0.5856481481481481, 0.6835748792270532, 0.6134259259259259]
62 0.0031675586302919506 [0.23, 0.7591836734693878, 0.286, 0.8122448979591836]
63 0 [0.14414414414414414, 0.178, 0.23423423423423423, 0.216]
64 0 [0.5049180327868853, 0.10583941605839416, 0.6786885245901639, 0.145985401459854]
65 0.36475164572112495 [0.036, 0.5586592178770949, 0.996, 0.8547486033519553]
66 0 [0.48111332007952284, 0.7949886104783599, 0.6063618290258449, 0.8792710706150342]
67 0 [0.27715355805243447, 0.002967359050445104, 0.6872659176029963, 0.2818991097922849]
68 0.06716775947545377 [0.09239130434782608, 0.6045548654244306, 0.20516304347826086, 0.6273291925465838]
69 0 [0.3410041841004184, 0.0, 0.5836820083682008, 0.06835443037974684]
70 0 [0.49327354260089684, 0.6524822695035462, 0.5807174887892377, 0.6914893617021277]
71 0 [0.158, 0.36103151862464183, 0.27, 0.3954154727793696]
72 0.3768480414570945 [0.298, 0.4166666666666667, 0.728, 0.5992063492063492]
73 0 [0.33076923076923076, 0.09655172413793103, 0.49538461538461537, 0.15862068965517243]
74 0 [0.834, 0.6505376344086021, 0.93, 0.6908602150537635]
75 0 [0.19833333333333333, 0.2997032640949555, 0.315, 0.33827893175074186]
76 0 [0.518, 0.5, 0.59, 0.5291005291005291]
77 0 [0.2579166666666667, 0.0875, 0.28958333333333336, 0.1325]
78 0 [0.5464601769911505, 0.010948905109489052, 0.7588495575221239, 0.07664233576642336]
79 0 [0.2804878048780488, 0.53125, 0.44090056285178236, 0.56875]
80 0.025646551724137927 [0.503370786516854, 0.3954154727793696, 0.6134831460674157, 0.44412607449856734]
81 0.24582057923239856 [0.70625, 0.6583333333333333, 0.8875, 0.7083333333333334]
82 0 [0.13647058823529412, 0.5482758620689655, 0.2188235294117647, 0.6241379310344828]
83 0 [0.302, 0.3416370106761566, 0.368, 0.3736654804270463]
84 0 [0.016172506738544475, 0.2297979797979798, 0.9083557951482479, 0.43686868686868685]
85 0 [0.136, 0.3916849015317287, 0.842, 0.5120350109409191]
86 0.07211538461538472 [0.5782312925170068, 0.5509641873278237, 0.6462585034013606, 0.6336088154269972]
87 0 [0.9608333333333333, 0.5375, 1.1041666666666667, 0.55875]
88 0 [1.1058333333333332, 0.87625, 1.19, 0.89125]
89 0 [1.7711069418386491, 0.5025, 1.8545966228893058, 0.56125]
90 0 [0.1471861471861472, 0.32068965517241377, 0.21861471861471862, 0.3620689655172414]
91 0 [0.634574841883345, 0.22, 0.6978215038650738, 0.25125]
92 0 [0.9206349206349206, 0.12416851441241686, 0.9591836734693877, 0.1286031042128603]
93 0 [0.519893899204244, 0.020491803278688523, 0.6180371352785146, 0.07377049180327869]
94 0 [0.2905405405405405, 0.09795918367346938, 0.41081081081081083, 0.12448979591836734]
95 0 [0.67625, 0.59625, 0.8125, 0.64625]
96 0 [0.16723383568303354, 0.25625, 0.27904715605250363, 0.30875]
97 0 [0.36857142857142855, 0.11734693877551021, 0.7657142857142857, 0.3163265306122449]
98 0.03352659440383141 [0.10887096774193548, 0.7570621468926554, 0.2620967741935484, 0.847457627118644]
99 0.03253572043380957 [0.296, 0.5807560137457045, 0.35, 0.6288659793814433]
100 0.02507952607072058 [0.1532258064516129, 0.7740112994350282, 0.2903225806451613, 0.864406779661017]
101 0.03452546066970473 [0.10483870967741936, 0.7231638418079096, 0.2701612903225806, 0.8192090395480226]
102 0.0048283261802575 [0.322, 0.5460992907801419, 0.346, 0.5886524822695035]
103 0 [0.08870214752567694, 1.7225, 0.18487394957983194, 1.74]
104 0 [0.5924242424242424, 0.515527950310559, 0.75, 0.5683229813664596]
105 0.0008519967115916425 [0.48933333333333334, 0.5800711743772242, 0.5146666666666667, 0.5960854092526691]
106 0.45774992656418706 [0.24545454545454545, 0.41818181818181815, 0.4772727272727273, 0.55]
107 0.007220216606498192 [0.12571428571428572, 0.22119815668202766, 0.17714285714285713, 0.2995391705069124]
108 0.22002416188462698 [0.35691318327974275, 0.47229551451187335, 0.8102893890675241, 0.7994722955145118]
109 0.008419958419958424 [0.5522088353413654, 0.5623003194888179, 0.6244979919678715, 0.5910543130990416]
110 0.050089904957616185 [0.4533333333333333, 0.325, 0.7088888888888889, 0.39]
111 0.02208419599723945 [0.36875, 0.385, 0.43875, 0.45166666666666666]
112 0 [0.766, 0.08266666666666667, 0.814, 0.10933333333333334]
113 0 [0.7017543859649122, 0.01, 0.8, 0.0775]
114 0 [0.6086175942549371, 0.9153846153846154, 0.9712746858168761, 0.9634615384615385]
115 0 [0.5033333333333333, 0.017777777777777778, 0.59, 0.04]
116 0.04668304668304669 [0.49666666666666665, 0.3488888888888889, 0.6633333333333333, 0.43333333333333335]
117 0.16530296329057934 [0.365, 0.3933333333333333, 0.5816666666666667, 0.4955555555555556]
118 0 [0.15833333333333333, 0.30833333333333335, 0.175, 0.3138888888888889]
119 0.26020798631431974 [0.27291666666666664, 0.2222222222222222, 0.6270833333333333, 0.4111111111111111]
120 0.4422859298377967 [0.2842741935483871, 0.5749128919860628, 0.6895161290322581, 0.6968641114982579]
121 0.27154549831487795 [0.4966139954853273, 0.18072289156626506, 0.9209932279909706, 0.3433734939759036]
122 0.00040812162024283285 [0.876, 0.3795180722891566, 0.944, 0.42771084337349397]
123 0 [0.8128571428571428, 0.8533333333333334, 0.8557142857142858, 0.8857142857142857]
124 0 [0.4575, 0.8133333333333334, 0.62, 0.8433333333333334]
125 0 [0.8, 0.4024024024024024, 0.88, 0.45645645645645644]
126 0 [0.3578125, 0.46126126126126127, 0.6, 0.5567567567567567]
127 0.6005713036963035 [0.33114754098360655, 0.257396449704142, 0.9950819672131147, 0.5384615384615384]
128 0.136363636363636 [0.334, 0.3300653594771242, 0.502, 0.37254901960784315]
129 0.39248826291079775 [0.324, 0.4342857142857143, 0.676, 0.5428571428571428]
130 0.24085677109398468 [0.534, 0.2589928057553957, 0.91, 0.7194244604316546]
131 0 [0.7848484848484848, 0.32407407407407407, 0.8303030303030303, 0.35648148148148145]
132 0 [0.5625965996908809, 0.6435643564356436, 0.5965996908809892, 0.6633663366336634]
133 0 [0.514, 0.0891566265060241, 0.55, 0.1180722891566265]
134 0 [0.4950166112956811, 0.061946902654867256, 0.6079734219269103, 0.09734513274336283]
135 0 [0.4053156146179402, 0.6027027027027027, 0.5382059800664452, 0.6621621621621622]
136 0 [0.66, 0.39457831325301207, 0.688, 0.4006024096385542]
137 0 [0.4854202401372213, 0.9133333333333333, 0.7238421955403087, 0.9533333333333334]
138 0 [0.6266666666666667, 0.2685851318944844, 0.6555555555555556, 0.2733812949640288]
139 0.1153576437587651 [0.11089108910891089, 0.6064139941690962, 0.20396039603960395, 0.6472303206997084]
140 0 [0.5115681233933161, 0.033707865168539325, 0.6298200514138818, 0.07116104868913857]
141 0 [0.18, 0.06934306569343066, 0.826, 0.4306569343065693]
142 0 [0.47, 0.5773195876288659, 0.58625, 0.6247422680412371]
143 0 [0.1859504132231405, 0.07236842105263158, 0.8553719008264463, 0.31359649122807015]
144 0 [0.398, 0.35638297872340424, 0.776, 0.48138297872340424]
145 0 [0.3442776735459662, 0.02625, 0.4099437148217636, 0.04125]
146 0.0755494505494508 [0.41333333333333333, 0.4124629080118694, 0.5133333333333333, 0.44510385756676557]
147 0.05673758865248224 [0.45166666666666666, 0.6884272997032641, 0.5183333333333333, 0.7181008902077152]
148 0.07973333333333323 [0.33, 0.798219584569733, 0.4066666666666667, 0.913946587537092]
149 0 [0.4308300395256917, 0.2751842751842752, 0.541501976284585, 0.31695331695331697]
150 0 [0.758, 0.37906976744186044, 0.87, 0.4069767441860465]
151 0 [0.13714285714285715, 0.22842639593908629, 0.7228571428571429, 0.350253807106599]
152 0 [0.21428571428571427, 0.2569593147751606, 0.2885714285714286, 0.291220556745182]
153 0 [0.8542857142857143, 0.18250950570342206, 0.8914285714285715, 0.22433460076045628]
154 0.0053188660177671135 [0.2961082910321489, 0.4279749478079332, 0.4703891708967851, 0.4572025052192067]
155 0 [0.014071294559099437, 0.68875, 0.075046904315197, 0.73875]
156 0 [0.017142857142857144, 0.3723150357995227, 0.08142857142857143, 0.39856801909307876]
157 0.011756194610236918 [0.45219638242894056, 0.526813880126183, 0.5038759689922481, 0.5678233438485805]
158 0 [0.008, 0.4581005586592179, 0.082, 0.4934823091247672]
159 0 [0.3551336146272855, 0.23, 0.4507735583684951, 0.25875]
160 0 [1.0506329113924051, 0.03875, 1.0857946554149085, 0.085]
161 0 [0.7807017543859649, 0.013513513513513514, 0.9859649122807017, 0.10585585585585586]
162 0 [0.28125, 0.6555555555555556, 0.33125, 0.6666666666666666]
163 0.05012182387747996 [0.6466666666666666, 0.6130653266331658, 0.7466666666666667, 0.6432160804020101]
164 0 [0.2953846153846154, 0.31643002028397565, 0.34, 0.33874239350912777]
165 0 [0.1723076923076923, 0.16, 0.20615384615384616, 0.165]
166 0.0009079256569109172 [0.94375, 0.18888888888888888, 0.996875, 0.2]
167 0 [0.2353846153846154, 0.3076923076923077, 0.42615384615384616, 0.3531468531468531]
168 0.09883720930232562 [0.42834890965732086, 0.43154761904761907, 0.5607476635514018, 0.4732142857142857]
169 0.07150788363313344 [0.076, 0.68, 0.468, 0.772]
170 0 [1.5, 0.725, 1.5553470919324577, 0.75]
171 0 [0.9946666666666667, 1.10625, 1.1066666666666667, 1.13125]
172 0.010570964641945839 [0.892, 0.3161290322580645, 0.95, 0.45806451612903226]
173 0.10322580645161283 [0.572, 0.4626865671641791, 0.764, 0.5149253731343284]
174 0 [0.01, 0.5555555555555556, 0.236, 0.7008547008547008]
175 0.2038696149447187 [0.6043737574552683, 0.6686868686868687, 0.9980119284294234, 0.9535353535353536]
176 0 [0.45, 0.9333333333333333, 0.575, 0.9666666666666667]
177 0 [0.28, 0.7066666666666667, 0.68, 0.7633333333333333]
178 0 [0.7117241379310345, 0.22549019607843138, 0.7544827586206897, 0.26715686274509803]
179 0 [0.7497907949790795, 0.44875, 0.802510460251046, 0.4725]
180 0 [0.3290229885057471, 0.5773195876288659, 0.4396551724137931, 0.5979381443298969]
181 0 [0.125, 0.4821763602251407, 0.19, 0.5084427767354597]
182 0 [0.3703071672354949, 0.4259818731117825, 0.42662116040955633, 0.4652567975830816]
183 0.09023789991796602 [0.53, 0.75, 0.662, 0.7848837209302325]
184 0 [0.434, 0.8118081180811808, 0.518, 0.8597785977859779]
185 0 [0.8077634011090573, 0.28132387706855794, 0.8909426987060998, 0.3049645390070922]
186 0.05999403044473135 [0.375, 0.6676557863501483, 0.4866666666666667, 0.6973293768545994]
187 0 [0.44166666666666665, 0.945, 0.465, 0.95]
188 0 [0.25145413870246086, 0.17125, 0.2599552572706935, 0.1875]
189 0 [0.8716814159292036, 0.4168421052631579, 0.971976401179941, 0.44]
190 0 [0.17714285714285713, 0.4828897338403042, 0.7542857142857143, 0.5817490494296578]
191 0 [0.7233333333333334, 0.92125, 0.8483333333333334, 1.01125]
192 0 [0.24542897327707455, 0.0075, 0.2890295358649789, 0.0225]
193 0.01570947174476956 [0.1, 0.48, 0.208, 0.576]
194 0 [0.8266666666666667, 0.4577777777777778, 0.9066666666666666, 0.5244444444444445]
195 0 [0.45429362880886426, 0.09740259740259741, 0.5429362880886427, 0.1396103896103896]
196 0.043703906036602055 [0.22598870056497175, 0.435546875, 0.4463276836158192, 0.54296875]
197 0 [0.08, 0.4777227722772277, 0.24666666666666667, 0.5148514851485149]
198 0.11718749999999752 [0.30666666666666664, 0.6765578635014837, 0.49166666666666664, 0.7270029673590505]
199 0.22024793388429784 [0.8110795454545454, 0.7151515151515152, 0.9275568181818182, 0.7545454545454545]
200 0 [0.19724770642201836, 0.5578947368421052, 0.5474006116207951, 0.781578947368421]
201 0 [0.7682539682539683, 0.28895184135977336, 0.7984126984126985, 0.31444759206798867]
202 0 [0.556, 0.4804804804804805, 0.85, 0.5405405405405406]
203 0 [0.22666666666666666, 0.011627906976744186, 0.255, 0.03488372093023256]
204 0 [0.751131221719457, 0.44744744744744747, 0.8574660633484162, 0.4804804804804805]
205 0 [0.4950166112956811, 0.061946902654867256, 0.6079734219269103, 0.09734513274336283]
206 0 [0.526, 0.3633217993079585, 0.716, 0.4290657439446367]
207 0.012529530880862703 [0.08016032064128256, 0.5331010452961672, 0.8717434869739479, 0.710801393728223]
208 0.45234536265926356 [0.318, 0.5782122905027933, 0.728, 0.664804469273743]
209 0 [0.408, 0.9267605633802817, 0.446, 0.952112676056338]
210 0 [0.0, 0.4265536723163842, 0.12236286919831224, 0.4632768361581921]
211 0 [0.092, 0.544, 0.192, 0.588]
212 0 [0.856, 0.8524096385542169, 0.946, 0.8674698795180723]
213 0 [0.32220039292730845, 0.8931034482758621, 0.3477406679764244, 0.9]
214 0 [0.482, 0.24293785310734464, 0.532, 0.2711864406779661]
215 0 [0.78, 0.11607142857142858, 0.802, 0.13839285714285715]
216 0 [0.554, 0.5505952380952381, 0.61, 0.5773809523809523]
217 0.2254201469256297 [0.14, 0.6172413793103448, 0.9977777777777778, 0.8172413793103448]
218 0.610205479452056 [0.406, 0.43795620437956206, 0.708, 0.6532846715328468]
219 0.022694262890340863 [0.5717884130982368, 0.8380566801619433, 0.6977329974811083, 0.8825910931174089]
220 0 [0.09808612440191387, 0.8727272727272727, 0.3923444976076555, 0.9121212121212121]
221 0.26203032300593193 [0.26107226107226106, 0.7711111111111111, 0.6317016317016317, 0.8266666666666667]
222 0 [0.25, 0.44744744744744747, 0.372, 0.5045045045045045]
223 0.0034909856056613464 [0.55, 0.826865671641791, 0.838, 0.9014925373134328]
224 0.6617050067659012 [0.06986899563318777, 0.3357142857142857, 0.9082969432314411, 0.7]
225 0 [0.472, 0.7888040712468194, 0.496, 0.7938931297709924]
226 0.13987377018748579 [0.386, 0.4948453608247423, 0.66, 0.5498281786941581]
227 0 [0.535, 0.45089285714285715, 0.605, 0.5]
228 0 [0.5488958990536278, 0.16744186046511628, 0.8107255520504731, 0.23255813953488372]
229 0.04043876055198919 [0.09696969696969697, 0.37453183520599254, 0.8757575757575757, 0.5205992509363296]
230 0 [0.35141509433962265, 0.40963855421686746, 0.3915094339622642, 0.4497991967871486]
231 0.036223277909739816 [0.3453815261044177, 0.46443514644351463, 0.7550200803212851, 0.5146443514644351]
232 0 [0.24, 0.12021857923497267, 0.78, 0.2978142076502732]
233 0.056304985337243436 [0.438, 0.48348348348348347, 0.502, 0.5195195195195195]
234 0.24363177805800687 [0.158, 0.6295180722891566, 0.802, 0.8795180722891566]
235 0 [0.3703071672354949, 0.4259818731117825, 0.42662116040955633, 0.4652567975830816]
236 0.00047927150730888975 [0.6151898734177215, 0.3673469387755102, 0.6379746835443038, 0.38095238095238093]
