0 12 13 14 13 16 14 15 15 13 17 16 17 17 16 17 18 19 18 17 13 15 14 14 15 14 15 14 15 14 16 15 15 15 15 17 17 17 16 15 15 18 17 15 17 16 17 16 17 17 
12 0 11 11 12 14 15 14 14 13 17 15 16 16 15 17 17 17 17 16 13 15 14 13 14 12 14 13 14 13 15 14 14 15 14 16 16 16 15 14 14 17 15 14 17 15 16 15 16 16 
13 11 0 11 13 16 14 14 15 13 17 16 17 17 16 17 18 18 18 17 14 16 15 14 15 13 15 13 14 14 16 15 15 16 15 17 17 17 16 15 15 17 16 15 17 16 16 16 16 16 
14 11 11 0 12 15 15 14 14 13 18 15 16 16 15 17 17 17 17 16 14 16 15 14 14 13 14 13 14 14 15 14 14 15 14 16 16 16 15 14 14 17 16 14 16 15 16 15 16 16 
13 12 13 12 0 16 15 15 16 13 18 16 17 17 16 17 18 19 18 17 15 17 15 15 15 13 15 14 15 15 16 15 15 16 15 17 17 17 16 15 15 17 17 15 17 16 17 16 17 17 
16 14 16 15 16 0 14 13 12 12 17 15 17 17 16 17 18 18 17 17 14 17 16 15 16 13 14 13 14 14 15 15 15 15 14 17 17 17 15 15 15 18 16 15 17 16 16 15 16 16 
14 15 14 15 15 14 0 13 14 16 15 12 14 14 13 15 15 16 14 14 11 14 14 13 14 10 11 11 12 12 13 12 12 13 12 14 13 14 12 12 12 15 13 12 14 13 14 12 14 14 
15 14 14 14 15 13 13 0 13 11 16 16 16 15 16 16 17 17 18 18 16 17 17 16 16 15 16 15 16 15 17 17 17 17 16 19 18 18 18 17 17 19 18 17 19 18 18 17 19 18 
15 14 15 14 16 12 14 13 0 12 16 15 16 16 16 16 17 17 18 17 14 16 15 15 15 13 15 13 14 13 15 14 15 15 14 17 17 17 16 15 15 18 16 14 17 16 16 15 16 16 
13 13 13 13 13 12 16 11 12 0 14 11 13 13 12 14 14 14 13 13 10 13 12 12 13 9 10 10 11 10 11 11 11 12 11 13 12 13 11 11 11 14 12 11 13 12 13 11 13 13 
17 17 17 18 18 17 15 16 16 14 0 12 12 13 13 15 14 16 14 15 16 18 18 17 18 14 16 15 16 16 16 15 16 17 16 16 17 16 17 17 17 17 16 15 18 17 16 17 17 17 
16 15 16 15 16 15 12 16 15 11 12 0 12 11 12 15 14 15 15 14 16 17 19 17 18 15 16 15 16 16 16 15 16 16 15 16 17 16 17 17 17 18 17 15 18 17 16 17 17 17 
17 16 17 16 17 17 14 16 16 13 12 12 0 11 12 15 14 15 15 14 16 18 19 16 18 15 16 15 16 16 16 16 16 16 15 16 17 16 17 17 17 18 17 15 18 17 16 17 16 17 
17 16 17 16 17 17 14 15 16 13 13 11 11 0 12 14 14 15 14 13 15 17 18 16 18 14 16 14 16 16 16 15 15 16 15 16 17 15 17 17 17 18 16 15 17 17 16 17 16 16 
16 15 16 15 16 16 13 16 16 12 13 12 12 12 0 15 14 16 15 14 16 17 19 17 19 15 17 15 17 17 17 16 16 16 16 17 17 16 18 18 17 18 17 16 18 17 16 17 16 17 
17 17 17 17 17 17 15 16 16 14 15 15 15 14 15 0 13 14 14 13 15 18 19 17 18 15 16 15 16 16 15 14 15 16 15 15 16 14 16 17 16 17 16 15 16 15 15 15 16 15 
18 17 18 17 18 18 15 17 17 14 14 14 14 14 14 13 0 12 13 14 17 19 20 18 20 16 17 16 18 18 16 16 16 17 16 17 17 16 18 18 17 17 16 15 16 15 16 16 17 16 
19 17 18 17 19 18 16 17 17 14 16 15 15 15 16 14 12 0 13 13 16 19 20 18 19 15 17 15 17 17 16 15 16 16 15 16 16 15 17 17 16 17 15 15 16 15 15 15 16 15 
18 17 18 17 18 17 14 18 18 13 14 15 15 14 15 14 13 13 0 13 18 18 20 19 20 17 19 18 19 19 17 17 17 18 17 18 18 17 19 19 18 18 17 16 17 16 16 17 17 17 
17 16 17 16 17 17 14 18 17 13 15 14 14 13 14 13 14 13 13 0 18 17 19 19 19 17 19 17 19 19 17 17 17 17 16 17 18 16 18 18 18 19 17 15 17 17 16 17 17 17 
13 13 14 14 15 14 11 16 14 10 16 16 16 15 16 15 17 16 18 18 0 14 14 14 14 16 16 16 16 17 17 17 16 18 17 19 18 18 20 20 19 18 18 18 18 19 18 18 18 18 
15 15 16 16 17 17 14 17 16 13 18 17 18 17 17 18 19 19 18 17 14 0 14 14 14 14 14 13 13 13 17 16 15 17 16 17 17 17 17 17 17 19 18 16 19 18 18 17 18 18 
14 14 15 15 15 16 14 17 15 12 18 19 19 18 19 19 20 20 20 19 14 14 0 14 13 15 15 14 15 14 18 17 17 18 17 19 19 19 19 18 18 21 20 18 21 19 20 19 20 20 
14 13 14 14 15 15 13 16 15 12 17 17 16 16 17 17 18 18 19 19 14 14 14 0 12 15 16 14 15 15 18 18 17 19 17 20 19 19 19 19 19 20 20 18 20 20 19 19 19 20 
15 14 15 14 15 16 14 16 15 13 18 18 18 18 19 18 20 19 20 19 14 14 13 12 0 16 16 15 15 14 18 18 17 19 18 19 19 19 19 19 19 21 20 18 20 20 20 19 20 20 
14 12 13 13 13 13 10 15 13 9 14 15 15 14 15 15 16 15 17 17 16 14 15 15 16 0 13 13 14 14 16 16 16 17 16 18 17 17 18 20 18 17 17 17 17 18 17 17 17 17 
15 14 15 14 15 14 11 16 15 10 16 16 16 16 17 16 17 17 19 19 16 14 15 16 16 13 0 14 15 15 17 18 17 18 18 19 19 19 20 21 20 19 19 19 19 20 19 19 19 19 
14 13 13 13 14 13 11 15 13 10 15 15 15 14 15 15 16 15 18 17 16 13 14 14 15 13 14 0 13 14 16 16 16 17 16 18 17 17 18 20 19 18 18 18 18 18 18 18 17 18 
15 14 14 14 15 14 12 16 14 11 16 16 16 16 17 16 18 17 19 19 16 13 15 15 15 14 15 13 0 13 17 18 17 18 17 20 19 19 20 21 19 19 19 19 18 19 19 19 18 19 
14 13 14 14 15 14 12 15 13 10 16 16 16 16 17 16 18 17 19 19 17 13 14 15 14 14 15 14 13 0 17 18 17 18 18 19 19 19 20 20 19 19 19 19 18 19 19 19 19 19 
16 15 16 15 16 15 13 17 15 11 16 16 16 16 17 15 16 16 17 17 17 17 18 18 18 16 17 16 17 17 0 13 15 14 14 15 16 16 15 17 18 19 18 17 18 17 18 18 18 18 
15 14 15 14 15 15 12 17 14 11 15 15 16 15 16 14 16 15 17 17 17 16 17 18 18 16 18 16 18 18 13 0 12 13 13 16 17 16 16 18 18 18 18 18 18 18 18 18 18 18 
15 14 15 14 15 15 12 17 15 11 16 16 16 15 16 15 16 16 17 17 16 15 17 17 17 16 17 16 17 17 15 12 0 13 12 16 17 16 17 17 18 19 18 17 18 18 17 18 18 18 
15 15 16 15 16 15 13 17 15 12 17 16 16 16 16 16 17 16 18 17 18 17 18 19 19 17 18 17 18 18 14 13 13 0 12 17 17 16 17 17 19 19 19 18 19 19 18 18 19 18 
15 14 15 14 15 14 12 16 14 11 16 15 15 15 16 15 16 15 17 16 17 16 17 17 18 16 18 16 17 18 14 13 12 12 0 16 16 16 16 17 18 18 18 17 18 18 17 18 18 18 
17 16 17 16 17 17 14 19 17 13 16 16 16 16 17 15 17 16 18 17 19 17 19 20 19 18 19 18 20 19 15 16 16 17 16 0 14 13 14 17 19 20 18 17 19 19 19 19 19 19 
17 16 17 16 17 17 13 18 17 12 17 17 17 17 17 16 17 16 18 18 18 17 19 19 19 17 19 17 19 19 16 17 17 17 16 14 0 15 14 18 18 19 17 18 18 18 18 17 18 18 
17 16 17 16 17 17 14 18 17 13 16 16 16 15 16 14 16 15 17 16 18 17 19 19 19 17 19 17 19 19 16 16 16 16 16 13 15 0 15 17 18 20 18 17 19 18 18 18 18 18 
16 15 16 15 16 15 12 18 16 11 17 17 17 17 18 16 18 17 19 18 20 17 19 19 19 18 20 18 20 20 15 16 17 17 16 14 14 15 0 17 20 19 19 19 20 20 19 19 19 20 
15 14 15 14 15 15 12 17 15 11 17 17 17 17 18 17 18 17 19 18 20 17 18 19 19 20 21 20 21 20 17 18 17 17 17 17 18 17 17 0 20 19 19 19 19 20 19 20 19 19 
15 14 15 14 15 15 12 17 15 11 17 17 17 17 17 16 17 16 18 18 19 17 18 19 19 18 20 19 19 19 18 18 18 19 18 19 18 18 20 20 0 16 14 16 15 16 17 17 17 18 
18 17 17 17 17 18 15 19 18 14 17 18 18 18 18 17 17 17 18 19 18 19 21 20 21 17 19 18 19 19 19 18 19 19 18 20 19 20 19 19 16 0 14 15 15 16 16 18 17 17 
17 15 16 16 17 16 13 18 16 12 16 17 17 16 17 16 16 15 17 17 18 18 20 20 20 17 19 18 19 19 18 18 18 19 18 18 17 18 19 19 14 14 0 14 12 16 15 17 16 16 
15 14 15 14 15 15 12 17 14 11 15 15 15 15 16 15 15 15 16 15 18 16 18 18 18 17 19 18 19 19 17 18 17 18 17 17 18 17 19 19 16 15 14 0 15 16 16 17 17 17 
17 17 17 16 17 17 14 19 17 13 18 18 18 17 18 16 16 16 17 17 18 19 21 20 20 17 19 18 18 18 18 18 18 19 18 19 18 19 20 19 15 15 12 15 0 16 16 16 16 17 
16 15 16 15 16 16 13 18 16 12 17 17 17 17 17 15 15 15 16 17 19 18 19 20 20 18 20 18 19 19 17 18 18 19 18 19 18 18 20 20 16 16 16 16 16 0 15 16 16 16 
17 16 16 16 17 16 14 18 16 13 16 16 16 16 16 15 16 15 16 16 18 18 20 19 20 17 19 18 19 19 18 18 17 18 17 19 18 18 19 19 17 16 15 16 16 15 0 14 15 15 
16 15 16 15 16 15 12 17 15 11 17 17 17 17 17 15 16 15 17 17 18 17 19 19 19 17 19 18 19 19 18 18 18 18 18 19 17 18 19 20 17 18 17 17 16 16 14 0 15 14 
17 16 16 16 17 16 14 19 16 13 17 17 16 16 16 16 17 16 17 17 18 18 20 19 20 17 19 17 18 19 18 18 18 19 18 19 18 18 19 19 17 17 16 17 16 16 15 15 0 15 
17 16 16 16 17 16 14 18 16 13 17 17 17 16 17 15 16 15 17 17 18 18 20 20 20 17 19 18 19 19 18 18 18 18 18 19 18 18 20 19 18 17 16 17 17 16 15 14 15 0 
